Sample	cell_wall	mucin	peptidoglycan	Tags	Treatment	Days	Cage	Total Bacteria	cell_wall_N	mucin_N	peptidoglycan_N
MBS1000	1613010	201749	35275	BCBA-22-5	BCBA	22	5	2627798	61.38257202	7.677492714	1.342378676
MBS1001	1861722	218927	36607	BCBA-22-6	BCBA	22	6	2472171	75.30716929	8.855657639	1.480763264
MBS1002	1545609	215663	24885	PBS-22-3	PBS	22	3	2731832	56.57774709	7.894445925	0.910927173
MBS1003	2119479	296918	50563	PBS-22-4	PBS	22	4	3794098	55.86252648	7.825786261	1.332675118
MBS1004	2070210	325867	38970	PBS-22-5	PBS	22	5	3720622	55.64150295	8.758401149	1.047405514
MBS1005	829126	125469	22047	PBS-22-6	PBS	22	6	1213046	68.3507468	10.34330108	1.817490845
MBS658	2146733	275407	41709	BT-0-1	BT	0	1	2681011	80.07177143	10.27250541	1.555719093
MBS659	2296312	273961	42435	BT-0-2	BT	0	2	2666738	86.10939657	10.27326269	1.591269934
MBS660	1699305	226312	28738	BC-0-1	BC	0	1	1993218	85.25434749	11.35410176	1.441789107
MBS661	1617248	220419	28452	BC-0-2	BC	0	2	1852357	87.30757624	11.89938009	1.535989013
MBS662	1691537	218682	33989	BCBA-0-1	BCBA	0	1	2111689	80.10350956	10.35578629	1.609564666
MBS663	1730952	235709	30322	BCBA-0-2	BCBA	0	2	1919093	90.19635838	12.28231253	1.580017227
MBS664	2296989	272576	42746	BA-0-1	BA	0	1	2904510	79.08352872	9.384577777	1.471711235
MBS665	1920221	252324	39216	BA-0-2	BA	0	2	2319664	82.7801354	10.87760986	1.690589672
MBS666	1652508	209832	33139	BTBA-0-1	BTBA	0	1	2033729	81.25507381	10.31759885	1.629469806
MBS667	1381836	178894	27965	BTBA-0-2	BTBA	0	2	1784070	77.45413577	10.02729714	1.567483339
MBS668	2159993	272349	43451	PBS-0-2	PBS	0	2	2581141	83.68364998	10.55149641	1.683402805
MBS669	40817	2777	295	BT-3-1	BT	3	1	64699	63.0875284	4.292183805	0.455957588
MBS670	26672	1429	182	BT-3-2	BT	3	2	43836	60.84496761	3.259877726	0.415183867
MBS671	28785	2021	244	BC-3-1	BC	3	1	42194	68.22060009	4.789780538	0.578281272
MBS672	24616	1512	235	BC-3-2	BC	3	2	40627	60.59024786	3.721662934	0.578433062
MBS673	27297	1655	503	BCBA-3-1	BCBA	3	1	40564	67.2936594	4.079972389	1.240015778
MBS674	27516	1434	320	BCBA-3-2	BCBA	3	2	46258	59.48376497	3.100004324	0.691772234
MBS675	38181	2112	438	BA-3-1	BA	3	1	62132	61.451426	3.399214575	0.70495075
MBS676	40987	2377	346	BA-3-2	BA	3	2	63472	64.57493068	3.744958407	0.545122259
MBS677	49521	3994	315	BTBA-3-1	BTBA	3	1	62147	79.68365327	6.42669799	0.506862761
MBS678	20646	1313	284	BTBA-3-2	BTBA	3	2	39077	52.83414796	3.360032756	0.726770223
MBS680	21955	1276	219	PBS-3-2	PBS	3	2	38381	57.20278263	3.324561632	0.570594826
MBS681	20184	1004	222	BT-6-1	BT	6	1	35763	56.43821827	2.807370746	0.620753293
MBS682	51372	2601	1020	BT-6-2	BT	6	2	91325	56.2518478	2.848070079	1.116890227
MBS683	19126	1214	131	BC-6-1	BC	6	1	32552	58.75522241	3.729417547	0.40243303
MBS684	26580	1992	183	BC-6-2	BC	6	2	36887	72.05790658	5.40027652	0.496109741
MBS685	28226	1735	125	BCBA-6-1	BCBA	6	1	42712	66.08447275	4.062090279	0.292657801
MBS686	18321	1100	160	BCBA-6-2	BCBA	6	2	29314	62.49914717	3.752473221	0.545814287
MBS687	24418	1190	78	BA-6-1	BA	6	1	36426	67.03453577	3.266897271	0.214132762
MBS688	37833	1838	462	BA-6-2	BA	6	2	61414	61.60321751	2.992802944	0.752271469
MBS689	29389	1569	492	BTBA-6-1	BTBA	6	1	46400	63.33836207	3.381465517	1.060344828
MBS690	33571	2129	408	BTBA-6-2	BTBA	6	2	53409	62.85644742	3.986219551	0.763916194
MBS692	54630	3646	692	PBS-6-2	PBS	6	2	86361	63.2577205	4.221813087	0.801287618
MBS693	162270	29635	4219	BT-7-1	BT	7	1	179907	90.19660158	16.47239963	2.345100524
MBS694	27478	3302	356	BT-7-2	BT	7	2	37353	73.56303376	8.839986079	0.953069365
MBS695	27098	1940	404	BC-7-1	BC	7	1	45614	59.40719954	4.253080195	0.885692989
MBS696	30207	2078	328	BC-7-2	BC	7	2	40437	74.70138734	5.138857977	0.811138314
MBS697	25305	1600	491	BCBA-7-1	BCBA	7	1	37478	67.51961151	4.269171247	1.310101926
MBS698	146082	12193	7337	BCBA-7-2	BCBA	7	2	183023	79.81619796	6.662004229	4.008785781
MBS699	581944	49789	34630	BA-7-1	BA	7	1	735943	79.07460225	6.765333728	4.705527466
MBS700	48498	2532	351	BA-7-2	BA	7	2	78915	61.45599696	3.208515491	0.444782361
MBS701	303698	29041	16910	BTBA-7-1	BTBA	7	1	375102	80.9641111	7.742160799	4.508107128
MBS702	153079	20874	5016	BTBA-7-2	BTBA	7	2	178256	85.87593124	11.71012476	2.813930527
MBS704	48498	2532	351	PBS-7-2	PBS	7	2	78915	61.45599696	3.208515491	0.444782361
MBS706	10416873	2889331	93833	BT-10-1	BT	10	1	9035790	115.284585	31.97651783	1.038459282
MBS707	8040727	2247291	67807	BT-10-2	BT	10	2	6914740	116.2838661	32.50000723	0.980615323
MBS708	1037440	86057	36766	BC-10-1	BC	10	1	1548928	66.97793571	5.555907053	2.373641641
MBS709	887978	61874	21958	BC-10-2	BC	10	2	1010945	87.83643027	6.12041209	2.172027163
MBS710	1006148	67426	32310	BCBA-10-1	BCBA	10	1	1481695	67.90520316	4.550599145	2.180610719
MBS711	846106	76557	23622	BCBA-10-2	BCBA	10	2	1130599	74.83696695	6.771366329	2.089334945
MBS712	1856202	281248	76483	BA-10-1	BA	10	1	3386927	54.80490132	8.303928605	2.258182713
MBS713	718704	87046	39087	BA-10-2	BA	10	2	981530	73.22282559	8.868399336	3.982252198
MBS714	10672229	2955662	90190	BTBA-10-1	BTBA	10	1	9101345	117.2599105	32.47500232	0.990952436
MBS715	11631637	3248798	96426	BTBA-10-2	BTBA	10	2	9928093	117.158824	32.72328331	0.971243924
MBS717	1126886	88176	34837	PBS-10-2	PBS	10	2	1623177	69.42471462	5.4323096	2.146223117
MBS718	11147871	3061446	104683	BT-13-1	BT	13	1	9776111	114.0317556	31.31558142	1.070804127
MBS719	9688937	2650064	92046	BT-13-2	BT	13	2	8524152	113.6645264	31.0888872	1.079825888
MBS720	1861120	194887	38152	BC-13-1	BC	13	1	2339743	79.54377895	8.329419086	1.630606438
MBS721	2194348	253310	68451	BC-13-2	BC	13	2	4118539	53.27976741	6.150482003	1.662021411
MBS722	2964979	364146	74612	BCBA-13-1	BCBA	13	1	4099692	72.32199394	8.88227701	1.819941596
MBS723	2373321	299128	70033	BCBA-13-2	BCBA	13	2	4340782	54.6749641	6.891108561	1.61337289
MBS724	2349125	264991	64202	BA-13-1	BA	13	1	4405078	53.32765958	6.015580201	1.457454329
MBS725	2746409	345467	70000	BA-13-2	BA	13	2	3842172	71.48063647	8.991450669	1.821886162
MBS726	7059785	1867042	73982	BTBA-13-1	BTBA	13	1	6470301	109.1106117	28.85556638	1.143408939
MBS727	6398912	1612533	73318	BTBA-13-2	BTBA	13	2	6373709	100.3954213	25.29975874	1.150319225
MBS729	2267055	275729	49596	PBS-13-2	PBS	13	2	2804560	80.83460507	9.831453062	1.768405739
MBS730	7548347	2047095	74226	BT-16-1	BT	16	1	6626485	113.9117798	30.89262256	1.120141372
MBS731	6605050	1759133	61378	BT-16-2	BT	16	2	5844567	113.0117937	30.09860269	1.050171895
MBS732	1250998	211263	37485	BC-16-1	BC	16	1	1762277	70.98759162	11.98806998	2.127077639
MBS733	1549698	174240	39763	BC-16-2	BC	16	2	2380313	65.10479924	7.320045725	1.670494595
MBS734	2434294	303898	57235	BCBA-16-1	BCBA	16	1	3781277	64.37756345	8.036914513	1.513642084
MBS735	2206970	262944	51714	BCBA-16-2	BCBA	16	2	3354480	65.79171735	7.838591973	1.541639837
MBS736	2382684	281943	56009	BA-16-1	BA	16	1	3878305	61.4362202	7.269747996	1.444161818
MBS737	2101449	251398	44138	BA-16-2	BA	16	2	2692017	78.06224849	9.338648307	1.639588457
MBS738	5738481	1379464	63196	BTBA-16-1	BTBA	16	1	5493690	104.4558575	25.10997162	1.150337933
MBS739	4676606	1092972	58382	BTBA-16-2	BTBA	16	2	4809315	97.24058416	22.72614707	1.213935872
MBS741	2036681	267367	51170	PBS-16-2	PBS	16	2	3149369	64.66949411	8.489541873	1.624769914
MBS742	6209025	1724034	52077	BT-19-1	BT	19	1	5335794	116.3655306	32.31073014	0.975993451
MBS743	6641268	1779992	64245	BT-19-2	BT	19	2	5912235	112.3309205	30.10692234	1.086644898
MBS744	2210565	331208	57640	BC-19-1	BC	19	1	2836532	77.93196058	11.67651202	2.032058866
MBS745	2071816	237200	63586	BC-19-2	BC	19	2	3766066	55.01273743	6.298349524	1.68839314
MBS746	4295750	526350	104049	BCBA-19-1	BCBA	19	1	7576666	56.69710134	6.946986973	1.373282127
MBS747	2542031	313307	58545	BCBA-19-2	BCBA	19	2	4029873	63.07968018	7.774612252	1.452775311
MBS748	2674109	316271	62133	BA-19-1	BA	19	1	4361394	61.31317189	7.251603501	1.424613323
MBS749	1755337	223703	46613	BA-19-2	BA	19	2	2965387	59.19419624	7.543804569	1.571902757
MBS750	7187386	1805262	82833	BTBA-19-1	BTBA	19	1	6861830	104.7444486	26.30875437	1.207156109
MBS751	5505460	1344929	67088	BTBA-19-2	BTBA	19	2	5648301	97.47108024	23.81121332	1.187755398
MBS753	2243081	265345	51488	PBS-19-2	PBS	19	2	3350821	66.94123619	7.91880557	1.536578647
MBS754	6284109	1731847	58564	BT-22-1	BT	22	1	5512241	114.0027985	31.41820178	1.062435405
MBS755	5159199	1344920	54180	BT-22-2	BT	22	2	4705906	109.6324278	28.57940639	1.151319215
MBS756	2167359	338982	58739	BC-22-1	BC	22	1	2807092	77.21011638	12.07591344	2.092521371
MBS757	1603742	189377	35099	BC-22-2	BC	22	2	2339724	68.54406759	8.093988864	1.500134204
MBS758	2383175	302303	51663	BCBA-22-1	BCBA	22	1	3958669	60.20142124	7.636480847	1.305059857
MBS759	1740790	206737	45572	BCBA-22-2	BCBA	22	2	2980631	58.40340519	6.936014555	1.528938
MBS760	1783100	227535	43723	BA-22-1	BA	22	1	2726866	65.39008517	8.344194398	1.603415789
MBS761	1320240	164106	33775	BA-22-2	BA	22	2	2338069	56.46711025	7.01886899	1.444568146
MBS762	6735261	1738845	70995	BTBA-22-1	BTBA	22	1	6185329	108.8909094	28.11240922	1.147796665
MBS763	3718010	855293	50439	BTBA-22-2	BTBA	22	2	3850957	96.54768931	22.20988186	1.309778323
MBS765	1538007	196655	35194	PBS-22-2	PBS	22	2	2122405	72.46529291	9.265667957	1.658213206
MBS766	10802615	2952838	99283	BT-25-1	BT	25	1	9341619	115.6396445	31.60948868	1.062802925
MBS767	7412143	1926795	76180	BT-25-2	BT	25	2	6699555	110.6363482	28.76004451	1.137090449
MBS768	1181844	168729	23675	BC-25-1	BC	25	1	1356393	87.13138449	12.43953633	1.745438085
MBS769	2060316	249856	57277	BC-25-2	BC	25	2	3561031	57.85728908	7.016394971	1.60843868
MBS770	2131319	260009	48642	BCBA-25-1	BCBA	25	1	3923052	54.32808436	6.627722498	1.239901995
MBS771	1574582	186936	44065	BCBA-25-2	BCBA	25	2	2621039	60.07472609	7.132133478	1.681203523
MBS772	3120051	394494	69308	BA-25-1	BA	25	1	4516489	69.0813373	8.734528081	1.534554828
MBS773	1640003	201166	42550	BA-25-2	BA	25	2	2895234	56.64492058	6.948177591	1.469656684
MBS774	5275841	1359285	55494	BTBA-25-1	BTBA	25	1	4923671	107.15259	27.60714516	1.127085867
MBS775	4164462	965177	48588	BTBA-25-2	BTBA	25	2	4195892	99.25093401	23.00290379	1.157989767
MBS777	3752595	883774	50856	PBS-25-2	PBS	25	2	3917268	95.79622839	22.56097872	1.298251741
MBS778	5224615	1420411	48732	BT-28-1	BT	28	1	4595067	113.7005184	30.91164938	1.060528606
MBS779	6866639	1811067	68525	BT-28-2	BT	28	2	6184430	111.0310732	29.28429944	1.108024507
MBS780	1089967	137830	16090	BC-28-1	BC	28	1	1176116	92.67512728	11.71908213	1.368062334
MBS781	1813005	218921	46282	BC-28-2	BC	28	2	2944114	61.58066569	7.435887333	1.572017931
MBS782	1375593	205750	37606	BCBA-28-1	BCBA	28	1	1865259	73.74809611	11.03063971	2.016127519
MBS783	1643182	200088	40420	BCBA-28-2	BCBA	28	2	2594412	63.33543015	7.712267751	1.557963808
MBS784	1417274	176761	35195	BA-28-1	BA	28	1	2296257	61.721053	7.697788183	1.532711713
MBS785	1820280	214928	46092	BA-28-2	BA	28	2	3243850	56.11480186	6.625707107	1.420904173
MBS786	5760600	1447116	62634	BTBA-28-1	BTBA	28	1	5495096	104.8316535	26.33468096	1.139816302
MBS787	3404384	739044	46516	BTBA-28-2	BTBA	28	2	3626736	93.8690878	20.3776619	1.282585774
MBS789	1999374	254003	46525	PBS-28-2	PBS	28	2	2797124	71.47963408	9.080863058	1.663315606
MBS794	4099812	511329	83385	BC-0-3	BC	0	3	5677636	72.20984227	9.006019407	1.468657026
MBS795	2013801	272691	42634	BC-0-4	BC	0	4	2674582	75.29404595	10.19564926	1.59404348
MBS796	1563938	210780	28364	BC-0-5	BC	0	5	1962312	79.69874312	10.74141115	1.44543783
MBS797	795888	106816	17669	BC-0-6	BC	0	6	1096306	72.59724931	9.74326511	1.611685059
MBS798	1781779	244299	34246	BA-0-3	BA	0	3	2150932	82.83753275	11.3578207	1.592147032
MBS799	978403	113253	22133	BA-0-4	BA	0	4	1348403	72.56013225	8.399046872	1.641423224
MBS800	791326	102323	17347	BA-0-5	BA	0	5	1179748	67.0758501	8.673292941	1.470398763
MBS801	1610001	206367	31868	BA-0-6	BA	0	6	2243874	71.75095393	9.196906778	1.420222348
MBS806	1363665	188371	29588	BCBA-0-3	BCBA	0	3	1855687	73.48572254	10.15101146	1.594449926
MBS807	1218115	153035	22623	BCBA-0-4	BCBA	0	4	1526811	79.78164946	10.02317903	1.481715812
MBS808	1683936	234640	41037	BCBA-0-5	BCBA	0	5	2385375	70.5941833	9.8366085	1.720358434
MBS809	1080013	153232	23433	BCBA-0-6	BCBA	0	6	1427192	75.6739808	10.73660727	1.641895414
MBS810	2558159	319631	53950	PBS-0-3	PBS	0	3	3306923	77.35768266	9.665510809	1.631425951
MBS811	1255900	175471	26472	PBS-0-4	PBS	0	4	1652716	75.99006726	10.61712962	1.601727096
MBS812	1093001	129896	22942	PBS-0-5	PBS	0	5	1353114	80.77671209	9.599782428	1.695496462
MBS813	1556658	202014	37102	PBS-0-6	PBS	0	6	2284435	68.14192568	8.843061851	1.624121501
MBS818	29661	2000	432	BC-3-3	BC	3	3	40682	72.90939482	4.916179146	1.061894695
MBS819	44819	3181	287	BC-3-4	BC	3	4	67942	65.96655971	4.681934591	0.422419122
MBS820	22279	1305	91	BC-3-5	BC	3	5	36437	61.1438922	3.581524275	0.249746137
MBS821	48337	3433	178	BC-3-6	BC	3	6	78479	61.59227309	4.374418634	0.226812268
MBS822	58049	3255	147	BA-3-3	BA	3	3	104124	55.74987515	3.126080443	0.141177826
MBS823	33648	2226	163	BA-3-4	BA	3	4	53735	62.61840514	4.14255141	0.303340467
MBS824	59412	3661	1645	BA-3-5	BA	3	5	98130	60.54417609	3.730765311	1.676347702
MBS825	27771	2133	217	BA-3-6	BA	3	6	46869	59.25238431	4.550982526	0.462992596
MBS830	63271	4071	185	BCBA-3-3	BCBA	3	3	82023	77.1381198	4.963242017	0.225546493
MBS831	297844	24407	316	BCBA-3-4	BCBA	3	4	217096	137.1946052	11.2424918	0.145557726
MBS832	135746	10351	324	BCBA-3-5	BCBA	3	5	171441	79.17942616	6.037645604	0.188986298
MBS833	25713	2042	195	BCBA-3-6	BCBA	3	6	37543	68.48946541	5.439096503	0.519404416
MBS834	131638	10807	190	PBS-3-3	PBS	3	3	110043	119.6241469	9.820706451	0.172659778
MBS835	45390	3275	116	PBS-3-4	PBS	3	4	63472	71.51184774	5.159755483	0.182757751
MBS836	541241	44421	3502	PBS-3-5	PBS	3	5	432837	125.0449938	10.2627548	0.809080555
MBS837	199981	17338	240	PBS-3-6	PBS	3	6	153268	130.4779863	11.31221129	0.156588459
MBS842	14970	826	66	BC-6-3	BC	6	3	22560	66.35638298	3.661347518	0.292553191
MBS843	42585	2491	102	BC-6-4	BC	6	4	63060	67.53092293	3.950206153	0.161750714
MBS844	19039	1340	90	BC-6-5	BC	6	5	28869	65.94963456	4.641657141	0.311753092
MBS845	89634	5563	138	BC-6-6	BC	6	6	131407	68.21097811	4.233412223	0.105017237
MBS846	21332	1441	83	BA-6-3	BA	6	3	33533	63.61494647	4.297259416	0.247517371
MBS847	45303	2762	114	BA-6-4	BA	6	4	64319	70.43486373	4.294220992	0.177241562
MBS848	33650	2556	110	BA-6-5	BA	6	5	40308	83.48218716	6.341172968	0.27289868
MBS849	51342	3765	155	BA-6-6	BA	6	6	70181	73.15655234	5.364699848	0.220857497
MBS854	659277	50601	564	BCBA-6-3	BCBA	6	3	477459	138.0803378	10.59797805	0.118125326
MBS855	98749	7123	220	BCBA-6-4	BCBA	6	4	96208	102.6411525	7.403750208	0.228671212
MBS856	51822	3780	87	BCBA-6-5	BCBA	6	5	64957	79.77893068	5.819234263	0.133934757
MBS857	29566	1820	16	BCBA-6-6	BCBA	6	6	43622	67.77772684	4.172206685	0.03667874
MBS858	37951	2872	75	PBS-6-3	PBS	6	3	49980	75.93237295	5.746298519	0.150060024
MBS859	14474	988	67	PBS-6-4	PBS	6	4	19145	75.60198485	5.160616349	0.349960825
MBS860	99130	8058	102	PBS-6-5	PBS	6	5	79360	124.9117944	10.15372984	0.128528226
MBS861	59489	4440	131	PBS-6-6	PBS	6	6	53670	110.8421837	8.272778088	0.244084218
MBS866	2043487	177219	124837	BC-7-3	BC	7	3	2481491	82.34916024	7.1416338	5.030725479
MBS867	190728	15388	7973	BC-7-4	BC	7	4	226640	84.15460642	6.789622309	3.517913872
MBS868	990283	87663	60078	BC-7-5	BC	7	5	1183522	83.67254686	7.406959904	5.076204752
MBS869	139398	9670	3578	BC-7-6	BC	7	6	148041	94.16175249	6.53197425	2.416898021
MBS870	1166948	97144	69788	BA-7-3	BA	7	3	1402761	83.18936726	6.92519966	4.975045642
MBS871	137436	11091	5717	BA-7-4	BA	7	4	179752	76.4586764	6.170167787	3.180493124
MBS872	465742	39980	27015	BA-7-5	BA	7	5	584552	79.67503319	6.839425748	4.621487909
MBS873	544178	42298	26983	BA-7-6	BA	7	6	684207	79.5341176	6.182047246	3.943689556
MBS878	329278	27082	18481	BCBA-7-3	BCBA	7	3	400401	82.23705735	6.763719371	4.615622838
MBS879	882391	77328	1829	BCBA-7-4	BCBA	7	4	637328	138.4516293	12.13315593	0.286979389
MBS880	125197	10307	657	BCBA-7-5	BCBA	7	5	130180	96.17222308	7.917498848	0.50468582
MBS881	50690	4181	229	BCBA-7-6	BCBA	7	6	51474	98.47690096	8.122547305	0.444884796
MBS882	54373	4100	1288	PBS-7-3	PBS	7	3	68419	79.47061489	5.992487467	1.882518014
MBS883	68994	5200	397	PBS-7-4	PBS	7	4	80504	85.70257379	6.45930637	0.493143198
MBS884	1151765	100551	60428	PBS-7-5	PBS	7	5	1315316	87.56564962	7.644626843	4.59418117
MBS885	1486737	147118	3310	PBS-7-6	PBS	7	6	1027616	144.678265	14.31643727	0.322104755
MBS890	624617	64725	38004	BC-10-3	BC	10	3	858769	72.73399482	7.536951148	4.425404271
MBS891	1332114	171810	87545	BC-10-4	BC	10	4	1936693	68.78292016	8.871307946	4.520334405
MBS892	1180396	169326	64840	BC-10-5	BC	10	5	2056255	57.40513701	8.234679065	3.153305402
MBS893	957902	122301	67065	BC-10-6	BC	10	6	1409832	67.94440756	8.674863388	4.756949764
MBS894	1143792	152077	69007	BA-10-3	BA	10	3	1996603	57.2869018	7.616787113	3.45622039
MBS895	777532	65697	36397	BA-10-4	BA	10	4	986435	78.82242621	6.66004349	3.689751479
MBS896	600401	50006	31678	BA-10-5	BA	10	5	769254	78.0497729	6.500583682	4.118015636
MBS897	1113637	89590	55600	BA-10-6	BA	10	6	1437259	77.48339026	6.233392868	3.868474645
MBS902	2136427	379043	139182	BCBA-10-3	BCBA	10	3	3034429	70.40622799	12.49141107	4.586760804
MBS903	1652457	144590	8952	BCBA-10-4	BCBA	10	4	1326730	124.5511144	10.89822345	0.674741658
MBS904	838467	73399	41824	BCBA-10-5	BCBA	10	5	1187640	70.59942407	6.180239803	3.521605874
MBS905	700784	52172	27831	BCBA-10-6	BCBA	10	6	1006473	69.6276999	5.183646258	2.765200855
MBS906	1256725	105198	43958	PBS-10-3	PBS	10	3	1989591	63.1649922	5.287418369	2.209398816
MBS907	682440	53806	32310	PBS-10-4	PBS	10	4	925841	73.71028071	5.811581038	3.489800084
MBS908	1506374	173096	6397	PBS-10-5	PBS	10	5	1075311	140.0872864	16.0972965	0.594897662
MBS909	1285632	151450	59547	PBS-10-6	PBS	10	6	1387430	92.66283704	10.91586603	4.291892204
MBS914	1535176	185066	48764	BC-13-3	BC	13	3	3017714	50.87215024	6.132655381	1.615925167
MBS915	2079370	280267	50364	BC-13-4	BC	13	4	2905577	71.5647873	9.645829383	1.733356232
MBS916	1247177	139424	18906	BC-13-5	BC	13	5	1634790	76.28973752	8.528557185	1.156478814
MBS917	2729187	364418	108694	BC-13-6	BC	13	6	4855970	56.20271542	7.504535654	2.238358145
MBS918	1819001	245997	46517	BA-13-3	BA	13	3	2676405	67.96434023	9.191321941	1.738040394
MBS919	1469009	198832	43658	BA-13-4	BA	13	4	1943293	75.59379877	10.23170464	2.246598943
MBS920	2233671	272770	67772	BA-13-5	BA	13	5	3879095	57.58227112	7.031794787	1.747108539
MBS921	1513599	172016	42221	BA-13-6	BA	13	6	2953993	51.23908554	5.823168843	1.429285716
MBS926	1884979	218196	39640	BCBA-13-3	BCBA	13	3	3091598	60.97102534	7.057709314	1.282184812
MBS927	938236	153815	29976	BCBA-13-4	BCBA	13	4	1351661	69.41355858	11.37970245	2.217715833
MBS928	1464279	177724	40403	BCBA-13-5	BCBA	13	5	2827279	51.79110374	6.286043931	1.429041846
MBS929	1325220	178686	31621	BCBA-13-6	BCBA	13	6	1825486	72.59546225	9.788407032	1.732196248
MBS930	841034	99317	30793	PBS-13-3	PBS	13	3	1805430	46.58358397	5.501016378	1.705577065
MBS931	1151952	115613	32330	PBS-13-4	PBS	13	4	1992855	57.80410517	5.801375414	1.622295651
MBS932	779261	89587	17653	PBS-13-5	PBS	13	5	1145618	68.02101573	7.819971404	1.540915035
MBS933	1142784	145408	27997	PBS-13-6	PBS	13	6	1733199	65.93495611	8.389573269	1.615336727
MBS938	1388561	142652	29792	BC-16-3	BC	16	3	2362267	58.78086601	6.038775464	1.261161418
MBS939	1370759	171664	34690	BC-16-4	BC	16	4	2268260	60.4321815	7.568091841	1.529366122
MBS940	2024156	222260	30316	BC-16-5	BC	16	5	2601793	77.7985028	8.54257045	1.165196463
MBS941	1325974	161050	38302	BC-16-6	BC	16	6	2216490	59.8231438	7.265992628	1.728047499
MBS942	1530787	189810	35893	BA-16-3	BA	16	3	2529768	60.51096385	7.503059569	1.418825758
MBS943	2015617	268514	48953	BA-16-4	BA	16	4	2575807	78.25186437	10.42446115	1.900491768
MBS944	1291401	156789	36093	BA-16-5	BA	16	5	2650464	48.72358198	5.915530262	1.361761563
MBS945	1905506	210582	51329	BA-16-6	BA	16	6	3411162	55.86090605	6.173321584	1.504736509
MBS950	4671155	746956	131824	BCBA-16-3	BCBA	16	3	6750834	69.19374702	11.06464772	1.95270688
MBS951	1703935	268702	47467	BCBA-16-4	BCBA	16	4	2413758	70.59261948	11.13210189	1.966518599
MBS952	1960406	239467	53335	BCBA-16-5	BCBA	16	5	3722357	52.66571691	6.433208851	1.432828716
MBS953	1425851	165575	23436	BCBA-16-6	BCBA	16	6	1782603	79.98701898	9.288383336	1.31470664
MBS954	1529578	223107	42591	PBS-16-3	PBS	16	3	3297515	46.38577838	6.765913119	1.291608984
MBS955	1913280	203274	48874	PBS-16-4	PBS	16	4	3351386	57.08921622	6.065371163	1.45832202
MBS956	1984371	240135	32662	PBS-16-5	PBS	16	5	2642085	75.10625131	9.088844606	1.236220636
MBS957	1631751	205901	39059	PBS-16-6	PBS	16	6	2880990	56.63855133	7.146883537	1.355749239
MBS962	1396199	151189	27924	BC-19-3	BC	19	3	2108278	66.22461554	7.171207972	1.324493259
MBS963	1537505	186628	40288	BC-19-4	BC	19	4	2715583	56.6178607	6.872483736	1.483585661
MBS964	1449454	168844	24803	BC-19-5	BC	19	5	2074005	69.88671676	8.14096398	1.195898756
MBS965	1861523	201463	44953	BC-19-6	BC	19	6	3171622	58.69309142	6.352049519	1.417350491
MBS966	1511370	179201	30895	BA-19-3	BA	19	3	2462328	61.37971871	7.277706301	1.254706928
MBS967	1735485	218415	34404	BA-19-4	BA	19	4	2146689	80.84473345	10.17450595	1.602654134
MBS968	2048365	267022	60778	BA-19-5	BA	19	5	4295969	47.6810936	6.215640755	1.414768123
MBS969	1392832	148051	33053	BA-19-6	BA	19	6	2443351	57.00499028	6.059342272	1.352773302
MBS974	1404282	159320	27613	BCBA-19-3	BCBA	19	3	2196589	63.93012075	7.253063727	1.257085417
MBS975	830644	129289	23980	BCBA-19-4	BCBA	19	4	1171153	70.9253189	11.03946282	2.047554846
MBS976	1103327	133316	22125	BCBA-19-5	BCBA	19	5	1761167	62.64749453	7.569753465	1.256269281
MBS977	1418527	166492	27637	BCBA-19-6	BCBA	19	6	1973570	71.8761939	8.436082835	1.400355701
MBS978	965219	127902	21202	PBS-19-3	PBS	19	3	1995231	48.3763033	6.410385564	1.06263385
MBS979	1105913	139538	23305	PBS-19-4	PBS	19	4	1960115	56.42082225	7.118868026	1.188960852
MBS980	1581472	240797	31240	PBS-19-5	PBS	19	5	2848679	55.51597776	8.452935554	1.096648657
MBS981	1653236	187667	27821	PBS-19-6	PBS	19	6	2260009	73.15174409	8.303816489	1.231012797
MBS986	1670574	188574	33798	BC-22-3	BC	22	3	2608065	64.05415509	7.230417954	1.295903285
MBS987	1418846	173291	36869	BC-22-4	BC	22	4	2520230	56.29827436	6.875999413	1.462922035
MBS988	1444436	167563	23526	BC-22-5	BC	22	5	1991060	72.54608098	8.415768485	1.18158167
MBS989	2545668	298514	67902	BC-22-6	BC	22	6	4475527	56.87973729	6.669918425	1.517184457
MBS990	2214478	252480	43706	BA-22-3	BA	22	3	3551858	62.34703077	7.108392284	1.230510904
MBS991	2252793	281902	48055	BA-22-4	BA	22	4	3235724	69.6225327	8.712176935	1.485139029
MBS992	1897981	257032	55482	BA-22-5	BA	22	5	3640632	52.13328345	7.060092863	1.523966169
MBS993	1727622	201757	36044	BA-22-6	BA	22	6	2828322	61.08293186	7.133452273	1.274395207
MBS998	2269909	248356	38816	BCBA-22-3	BCBA	22	3	3455455	65.69059646	7.187360275	1.123325293
MBS999	1161371	160269	35688	BCBA-22-4	BCBA	22	4	1555774	74.64908142	10.30156051	2.293906441
